样例输入1：
(5,100)(9,31)(-7,2)(1,1)(10,0)(0,0)
(-60,81)(-9,31)(5,2)(1,1)(0,0)
AND(#,#)
样例输入1变式：
(-7,2)(1,1)(10,0)(5,100)(9,31)(0,0)
(1,1)(-9,31)(5,2)(-60,81)(0,0)
AND(#,#)
样例输出1及变式：
5x100-60x81-2x2+2x+10

样例输入2：
(5,100)(9,31)(-7,2)(1,1)(10,0)(0,0)
(-60,81)(-9,31)(5,2)(1,1)(0,0)
SUB(#,#)
样例输出2：
5x100+60x81+18x31-12x2+10

样例输入4：
(5,100)(9,31)(-7,2)(1,1)(10,0)(0,0)
(-60,81)(-9,31)(5,2)(1,1)(0,0)
DIFF(#,#)
样例输出4：
The first polynomial's differentiation is:
500x99+279x30-14x+1
The second polynomial's differentiation is:
-4860x80-279x30+10x+1

样例输入3：
(5,100)(9,31)(-7,2)(1,1)(10,0)(0,0)
(-60,81)(-9,31)(5,2)(1,1)(0,0)
MUL(#,#)
样例输出3：
-300x181-45x131-540x112+25x102+5x101+420x83-60x82-600x81-81x62+108x33-90x31-35x4-2x3+51x2+10x

样例输入5：
(1,1)(1,0)(0,0)
(1,1)(1,0)(0,0)
MUL(#,#)
样例输出5：
x2+2x+1

样例输入6：
(1,2)(2,1)(1,0)(0,0)
(1,1)(1,0)
DIV(#,#)
样例输出6：
x+1
remainder:
0

样例输入7：
(5,8)(3,7)(10,4)(3,1)(5,0)
(3,6)(2,2)(5,1)(0,0)
DIV(#,#)
样例输出7：
2x8+8x4-7x3-5x2+3x+5


